9831
8519
3979
3995
716
4922
2213
5510
850
5051
9129
9642
1644
5149
5964
2272
1590
5312
2475
7477
1693
5033
7925
6415
858
5770
8041
8818
7061
7770
8902
3652
2709
6455
6750
8446
7010
427
167
6493
5464
5577
7174
5255
1705
8373
217
3220
4392
7847
6352
8164
4595
5185
5611
410
8365
3454
1521
9121
6676
4312
124
3533
9251
2952
3667
7568
950
644
4553
3429
3517
5253
5342
8811
8626
4386
7210
6085
990
7016
6871
6285
2619
3536
6219
3944
9797
6649
9060
3938
7106
6967
1
32
3882
3109
5353
8832
1295
1737
4563
8331
554
7927
4162
7129
2490
563
8313
5049
8288
7331
2088
3625
1359
721
2374
4654
8923
1442
4680
5203
8951
7962
5426
9328
2428
9887
2248
6342
9137
5267
4644
3864
1954
2162
6176
2403
866
2386
6051
1355
5658
4273
6690
7771
3073
8616
4843
5723
8853
7992
7862
9448
582
3040
287
4176
4288
6235
6994
7115
1831
8474
3902
1960
1261
8653
2393
342
2331
7147
4158
2134
4590
1607
8799
738
7293
3879
9723
2051
6757
8340
4523
2882
3416
9927
2954
6055
5653
3702
8113
1898
539
2810
2830
1165
6185
8655
1433
5210
9240
9917
5554
6239
6315
422
8610
4608
9735
8681
6833
2415
767
6448
3248
7688
8760
5689
8180
4314
1886
8035
2674
8846
3772
4245
9967
1916
700
7591
4878
5526
2360
6259
1287
9910
5307
9699
1865
6213
6575
191
9191
8731
8081
9353
7662
6088
9403
8577
8202
9899
2238
782
8959
2005
5280
1013
2226
2968
3776
8282
6377
2647
8132
9009
5202
3781
9433
6722
3988
9103
5904
2346
9480
5200
5131
5103
4455
7682
9627
9508
7721
9309
9943
8261
3650
1823
6146
9616
4207
4674
2215
8767
4555
5499
7556
8086
8256
3491
4926
590
8299
4714
4940
536
8654
2095
4201
8991
6752
7364
8327
1161
3515
7260
4413
8451
7102
2381
9982
633
5740
7388
9053
8240
923
581
6732
3438
166
4965
8921
7604
2907
7179
6701
33
3655
1842
6938
1283
1047
2599
4963
2955
6842
8056
592
3294
2204
2543
3760
4528
2257
2673
3330
572
7860
3046
7750
541
1556
9538
2388
7520
5912
9976
7589
4683
3658
8217
2200
4107
3590
3415
6747
2173
5961
8739
1395
6921
8775
7274
2333
7419
4278
2881
2118
4478
8401
4527
3593
8703
2575
1245
7265
2603
9092
8669
6490
1522
1804
3341
2582
4982
104
1078
6543
8510
1254
6510
8745
3288
4818
9365
9579
4729
4641
2699
1668
5226
2871
1082
6531
8621
882
4767
9922
5224
1039
8031
45
8695
9145
8483
6201
9733
9529
7895
7502
7431
8874
1224
1649
2724
8554
1246
5465
8744
9498
4480
205
2794
6999
1190
8497
1533
9889
3717
8938
5097
4688
7114
8966
3850
9305
9284
986
661
5111
7167
1834
8576
5165
7452
5895
6979
9375
2740
9250
907
2795
5608
3922
2806
7854
5077
9076
9253
961
1274
1423
5066
4311
4489
