914
554
882
714
339
743
135
904
559
360
733
442
315
672
291
109
890
695
653
316
574
779
250
401
614
203
523
833
578
511
229
484
763
872
273
304
157
818
440
200
41
754
626
658
748
494
865
603
234
216
95
265
411
877
536
553
599
464
255
293
667
630
428
671
147
455
439
815
791
598
739
259
162
176
382
459
957
114
996
132
492
545
627
112
863
908
696
185
193
687
712
858
54
172
644
850
38
403
729
676
398
317
952
467
639
584
331
694
751
111
912
199
488
710
100
802
811
377
44
883
101
746
64
862
711
893
611
960
363
911
572
340
469
896
871
30
580
433
128
150
757
556
139
795
296
799
522
669
502
174
387
922
854
168
220
407
231
104
445
594
724
77
678
643
431
993
325
510
895
792
579
88
122
84
154
772
693
233
744
392
389
657
333
581
538
414
797
691
261
55
938
622
381
607
480
786
955
765
61
977
771
319
121
615
620
289
699
301
267
281
842
466
297
457
742
14
119
703
566
188
173
32
915
39
847
202
282
917
353
640
102
558
768
840
499
700
182
335
718
745
897
953
887
690
330
595
937
641
167
272
264
93
980
194
557
425
390
448
963
298
263
870
956
218
656
866
654
823
328
857
362
576
725
550
855
146
5
612
436
679
56
942
573
577
8
973
413
130
664
543
300
165
891
810
650
856
356
75
509
443
166
419
508
12
783
53
666
213
357
123
70
777
958
310
40
901
136
624
278
247
655
930
730
424
767
987
59
647
251
708
668
923
206
103
888
906
974
506
785
843
299
515
94
989
497
83
48
837
943
782
245
873
978
408
828
689
986
85
720
552
309
96
540
19
992
249
997
532
295
665
268
588
226
126
820
124
98
787
623
948
583
82
675
79
308
660
9
529
311
125
320
534
86
65
447
722
821
354
735
841
512
405
37
596
790
116
817
458
692
31
169
432
747
613
453
537
225
92
16
178
659
170
179
208
237
81
709
192
427
430
352
276
391
451
322
472
964
697
822
76
57
271
879
364
140
338
721
635
947
217
195
903
274
254
158
11
475
999
244
241
221
232
376
113
533
422
294
734
371
144
246
781
876
341
370
215
591
343
995
412
670
63
476
544
848
20
184
585
569
252
4
715
590
24
72
542
851
967
884
968
